64.000000 40.000000 0.000000 30.000000 3990.000000
94.000000 40.000000 0.000000 30.000000 4170.000000
64.000000 100.000000 0.000000 30.000000 3390.000000
64.000000 40.000000 60.000000 30.000000 3870.000000
64.000000 40.000000 0.000000 90.000000 3900.000000
79.000000 -20.000000 30.000000 60.000000 2400.000000
67.750000 70.000000 7.500000 37.500000 1740.000000
79.000000 40.000000 0.000000 30.000000 4170.000000
79.000000 40.000000 0.000000 60.000000 4290.000000
79.000000 40.000000 30.000000 30.000000 4200.000000
79.000000 70.000000 0.000000 30.000000 1590.000000
86.500000 10.000000 15.000000 45.000000 300.000000
80.875000 55.000000 3.750000 33.750000 3630.000000
84.625000 25.000000 11.250000 41.250000 2970.000000
81.812500 47.500000 5.625000 35.625000 4020.000000
83.687500 32.500000 9.375000 39.375000 3720.000000
82.281250 43.750000 6.562500 36.562500 4110.000000
83.218750 36.250000 8.437500 38.437500 3990.000000
82.515625 41.875000 7.031250 37.031250 4080.000000
79.000000 40.000000 15.000000 45.000000 4260.000000
86.500000 40.000000 0.000000 45.000000 4020.000000
79.000000 40.000000 0.000000 45.000000 4110.000000
80.640625 41.875000 3.281250 48.281250 4200.000000
72.320312 40.937500 9.140625 54.140625 4140.000000
76.480469 41.406250 13.710938 58.710938 4230.000000
85.240234 40.703125 6.855469 51.855469 4230.000000
79.219727 39.179688 14.501953 59.501953 4230.000000
79.574951 39.853516 11.696777 56.696777 4230.000000
80.285400 41.201172 6.086426 51.086426 4230.000000
79.752563 40.190430 10.294189 55.294189 4320.000000
71.876282 40.095215 12.647095 57.647095 4140.000000
81.899246 40.551147 8.303375 53.303375 4260.000000
83.345436 38.964539 3.087845 48.087845 4170.000000
78.196711 40.795822 11.055164 56.055164 4200.000000
79.376282 40.095215 5.147095 57.647095 4200.000000
79.376282 40.095215 12.647095 50.147095 4200.000000
80.825905 40.370789 9.298782 54.298782 4260.000000
78.116516 40.798340 12.002563 57.002563 4200.000000
81.549000 39.577484 6.691017 51.691017 4260.000000
81.375593 40.021744 3.068447 59.318447 4290.000000
82.375249 39.985008 9.529123 52.654123 4230.000000
81.625507 40.012560 8.433616 53.902366 4290.000000
80.240785 40.720277 8.856500 59.715875 4230.000000
81.221946 39.863182 7.232388 53.697232 4200.000000
80.564078 40.106087 6.681318 57.306318 4260.000000
80.689035 40.101495 9.363903 54.598278 4260.000000
80.289234 40.280609 9.796486 54.796486 4230.000000
80.650782 39.883957 8.492603 53.492603 4260.000000
80.538995 39.860375 7.619521 55.549209 4200.000000
80.351674 40.175551 9.252245 54.984667 4230.000000
80.158321 40.148258 8.487754 56.300254 4200.000000
80.220799 40.145962 9.829046 54.946234 4200.000000
80.201673 40.037193 9.393396 54.393396 4290.000000
80.020899 40.235519 10.045338 55.045338 4230.000000
79.845928 40.159738 9.281293 55.570355 4230.000000
79.752211 40.163182 11.019354 53.851385 4230.000000
79.853738 40.159451 10.386454 54.463603 4230.000000
80.056793 40.151989 9.120654 55.688037 4200.000000
79.904502 40.157586 10.070004 54.769711 4200.000000
79.977118 40.113811 9.843793 54.843793 4200.000000
79.886731 40.212975 10.169764 55.169764 4230.000000
79.799246 40.175084 9.787741 55.432272 4230.000000
79.803151 40.174940 10.340322 54.878896 4230.000000
79.643728 40.262903 10.452215 55.543768 4200.000000
79.893770 40.151084 9.995898 55.018787 4230.000000
79.727075 40.225630 10.300109 55.368774 4320.000000
79.779657 40.227119 9.935580 55.753604 4320.000000
79.773768 40.252993 10.562080 55.360893 4200.000000
79.792876 40.194561 9.981326 55.414427 4260.000000
79.639355 40.205895 10.085839 55.745734 4230.000000
79.824887 40.211205 10.148782 55.313756 4290.000000
79.749215 40.232630 10.358005 55.450734 4260.000000
79.781961 40.204078 10.075496 55.423504 4290.000000
79.760130 40.223113 10.263835 55.441657 4320.000000
79.684826 40.221941 10.248075 55.615356 4200.000000
79.789872 40.213889 10.173605 55.389156 4290.000000
79.739819 40.208030 10.297149 55.331482 4320.000000
79.766110 40.208774 10.114885 55.523897 4320.000000
79.756347 40.206771 10.279012 55.367923 4320.000000
79.788725 40.200817 10.221486 55.303973 4290.000000
79.718695 40.206185 10.271132 55.454773 4290.000000
79.771218 40.202159 10.233897 55.341673 4320.000000
