64.000000 40.000000 0.000000 30.000000 3990.000000
65.000000 40.000000 0.000000 30.000000 4020.000000
63.000000 40.000000 0.000000 30.000000 4020.000000
64.000000 41.000000 0.000000 30.000000 3990.000000
64.000000 39.000000 0.000000 30.000000 4050.000000
64.000000 40.000000 1.000000 30.000000 4020.000000
64.000000 40.000000 -1.000000 30.000000 4020.000000
64.000000 40.000000 0.000000 31.000000 4020.000000
64.000000 40.000000 0.000000 29.000000 4020.000000
64.000000 10.000000 0.000000 30.000000 5130.000000
64.000000 10.000000 0.000000 30.000000 5130.000000
65.000000 10.000000 0.000000 30.000000 4740.000000
63.000000 10.000000 0.000000 30.000000 5520.000000
64.000000 11.000000 0.000000 30.000000 5190.000000
64.000000 9.000000 0.000000 30.000000 5130.000000
64.000000 10.000000 1.000000 30.000000 5160.000000
64.000000 10.000000 -1.000000 30.000000 5160.000000
64.000000 10.000000 0.000000 31.000000 5160.000000
64.000000 10.000000 0.000000 29.000000 5160.000000
-131.000000 -1242.500000 0.000000 30.000000 0.000000
-33.500000 -616.250000 0.000000 30.000000 2580.000000
15.250000 -303.125000 0.000000 30.000000 0.000000
39.625000 -146.562500 0.000000 30.000000 0.000000
51.812500 -68.281250 0.000000 30.000000 4170.000000
57.906250 -29.140625 0.000000 30.000000 5550.000000
57.906250 -29.140625 0.000000 30.000000 5550.000000
58.906250 -29.140625 0.000000 30.000000 5280.000000
56.906250 -29.140625 0.000000 30.000000 5910.000000
57.906250 -28.140625 0.000000 30.000000 5730.000000
57.906250 -30.140625 0.000000 30.000000 5520.000000
57.906250 -29.140625 1.000000 30.000000 5670.000000
57.906250 -29.140625 -1.000000 30.000000 5610.000000
57.906250 -29.140625 0.000000 31.000000 5670.000000
57.906250 -29.140625 0.000000 29.000000 5580.000000
56.122140 -11.975152 10.632124 45.948187 6990.000000
56.122140 -11.975152 10.632124 45.948187 6990.000000
57.122140 -11.975152 10.632124 45.948187 6720.000000
55.122140 -11.975152 10.632124 45.948187 7140.000000
56.122140 -10.975152 10.632124 45.948187 7020.000000
56.122140 -12.975152 10.632124 45.948187 6930.000000
56.122140 -11.975152 11.632124 45.948187 6960.000000
56.122140 -11.975152 9.632124 45.948187 6990.000000
56.122140 -11.975152 10.632124 46.948187 6960.000000
56.122140 -11.975152 10.632124 44.948187 6990.000000
56.630546 31.962569 -7.230387 28.770472 7080.000000
56.376343 9.993709 1.700869 37.359329 7530.000000
56.376343 9.993709 1.700869 37.359329 7530.000000
57.376343 9.993709 1.700869 37.359329 7350.000000
55.376343 9.993709 1.700869 37.359329 7650.000000
56.376343 10.993709 1.700869 37.359329 7590.000000
56.376343 8.993709 1.700869 37.359329 7590.000000
56.376343 9.993709 2.700869 37.359329 7560.000000
56.376343 9.993709 0.700869 37.359329 7560.000000
56.376343 9.993709 1.700869 38.359329 7560.000000
56.376343 9.993709 1.700869 36.359329 7560.000000
52.415514 5.614649 2.495606 41.812759 7950.000000
52.415514 5.614649 2.495606 41.812759 7950.000000
53.415514 5.614649 2.495606 41.812759 7860.000000
51.415514 5.614649 2.495606 41.812759 8040.000000
52.415514 6.614649 2.495606 41.812759 8010.000000
52.415514 4.614649 2.495606 41.812759 7980.000000
52.415514 5.614649 3.495606 41.812759 7980.000000
52.415514 5.614649 1.495606 41.812759 7980.000000
52.415514 5.614649 2.495606 42.812759 7980.000000
52.415514 5.614649 2.495606 40.812759 7980.000000
46.139497 11.332801 2.119562 45.996671 7920.000000
49.277505 8.473725 2.307584 43.904715 8010.000000
49.277505 8.473725 2.307584 43.904715 8010.000000
50.277505 8.473725 2.307584 43.904715 7980.000000
48.277505 8.473725 2.307584 43.904715 7920.000000
49.277505 9.473725 2.307584 43.904715 7920.000000
49.277505 7.473725 2.307584 43.904715 8010.000000
49.277505 8.473725 3.307584 43.904715 7890.000000
49.277505 8.473725 1.307584 43.904715 7950.000000
49.277505 8.473725 2.307584 44.904715 7890.000000
49.277505 8.473725 2.307584 42.904715 7950.000000
48.064401 5.344159 -3.751872 42.040331 8190.000000
48.064401 5.344159 -3.751872 42.040331 8190.000000
49.064401 5.344159 -3.751872 42.040331 8280.000000
47.064401 5.344159 -3.751872 42.040331 8220.000000
48.064401 6.344159 -3.751872 42.040331 8250.000000
48.064401 4.344159 -3.751872 42.040331 8370.000000
48.064401 5.344159 -2.751872 42.040331 8280.000000
48.064401 5.344159 -4.751872 42.040331 8280.000000
48.064401 5.344159 -3.751872 43.040331 8280.000000
48.064401 5.344159 -3.751872 41.040331 8280.000000
38.391841 -39.040394 -30.907341 41.957494 5040.000000
43.228121 -16.848118 -17.329606 41.998913 7020.000000
45.646261 -5.751980 -10.540739 42.019622 8130.000000
46.855331 -0.203911 -7.146305 42.029976 8370.000000
46.855331 -0.203911 -7.146305 42.029976 8370.000000
47.855331 -0.203911 -7.146305 42.029976 8370.000000
45.855331 -0.203911 -7.146305 42.029976 8310.000000
46.855331 0.796089 -7.146305 42.029976 8280.000000
46.855331 -1.203911 -7.146305 42.029976 8280.000000
46.855331 -0.203911 -6.146305 42.029976 8250.000000
46.855331 -0.203911 -8.146305 42.029976 8280.000000
46.855331 -0.203911 -7.146305 43.029976 8250.000000
46.855331 -0.203911 -7.146305 41.029976 8280.000000
47.644170 -1.290715 -8.987627 40.510730 8310.000000
47.249751 -0.747313 -8.066966 41.270353 8310.000000
47.052541 -0.475612 -7.606636 41.650165 8280.000000
46.953936 -0.339761 -7.376471 41.840071 8280.000000
46.904634 -0.271836 -7.261388 41.935023 8340.000000
46.879982 -0.237873 -7.203847 41.982500 8370.000000
46.867657 -0.220892 -7.175076 42.006238 8370.000000
46.861494 -0.212401 -7.160691 42.018107 8370.000000
46.858412 -0.208156 -7.153498 42.024042 8370.000000
46.856872 -0.206033 -7.149902 42.027009 8370.000000
46.856101 -0.204972 -7.148104 42.028493 8370.000000
46.855716 -0.204441 -7.147205 42.029235 8370.000000
46.855524 -0.204176 -7.146755 42.029605 8370.000000
46.855427 -0.204043 -7.146530 42.029791 8370.000000
46.855379 -0.203977 -7.146418 42.029884 8370.000000
46.855355 -0.203944 -7.146362 42.029930 8370.000000
46.855343 -0.203927 -7.146334 42.029953 8370.000000
46.855337 -0.203919 -7.146320 42.029965 8370.000000
47.855337 -0.203919 -7.146320 42.029965 8370.000000
45.855337 -0.203919 -7.146320 42.029965 8310.000000
46.855337 0.796081 -7.146320 42.029965 8280.000000
46.855337 -1.203919 -7.146320 42.029965 8280.000000
46.855337 -0.203919 -6.146320 42.029965 8250.000000
46.855337 -0.203919 -8.146320 42.029965 8280.000000
46.855337 -0.203919 -7.146320 43.029965 8250.000000
46.855337 -0.203919 -7.146320 41.029965 8280.000000
47.644176 -1.290723 -8.987641 40.510718 8310.000000
47.249757 -0.747321 -8.066980 41.270341 8310.000000
47.052547 -0.475620 -7.606650 41.650153 8280.000000
46.953942 -0.339769 -7.376485 41.840059 8280.000000
46.904640 -0.271844 -7.261402 41.935012 8340.000000
46.879988 -0.237881 -7.203861 41.982488 8370.000000
46.867663 -0.220900 -7.175090 42.006227 8370.000000
46.861500 -0.212410 -7.160705 42.018096 8370.000000
46.858418 -0.208164 -7.153512 42.024030 8370.000000
46.856878 -0.206042 -7.149916 42.026998 8370.000000
46.856107 -0.204980 -7.148118 42.028481 8370.000000
46.855722 -0.204450 -7.147219 42.029223 8370.000000
46.855530 -0.204184 -7.146769 42.029594 8370.000000
46.855433 -0.204052 -7.146544 42.029779 8370.000000
46.855385 -0.203985 -7.146432 42.029872 8370.000000
46.855361 -0.203952 -7.146376 42.029918 8370.000000
46.855349 -0.203935 -7.146348 42.029942 8370.000000
46.855343 -0.203927 -7.146334 42.029953 8370.000000
47.855343 -0.203927 -7.146334 42.029953 8370.000000
45.855343 -0.203927 -7.146334 42.029953 8310.000000
46.855343 0.796073 -7.146334 42.029953 8280.000000
46.855343 -1.203927 -7.146334 42.029953 8280.000000
46.855343 -0.203927 -6.146334 42.029953 8250.000000
46.855343 -0.203927 -8.146334 42.029953 8280.000000
46.855343 -0.203927 -7.146334 43.029953 8250.000000
46.855343 -0.203927 -7.146334 41.029953 8280.000000
47.644182 -1.290731 -8.987655 40.510706 8310.000000
47.249763 -0.747329 -8.066994 41.270330 8310.000000
47.052553 -0.475628 -7.606664 41.650141 8280.000000
46.953948 -0.339778 -7.376499 41.840047 8280.000000
46.904646 -0.271852 -7.261416 41.935000 8340.000000
46.879994 -0.237890 -7.203875 41.982477 8370.000000
46.867669 -0.220908 -7.175104 42.006215 8370.000000
46.861506 -0.212418 -7.160719 42.018084 8370.000000
46.858425 -0.208172 -7.153526 42.024019 8370.000000
46.856884 -0.206050 -7.149930 42.026986 8370.000000
46.856113 -0.204988 -7.148132 42.028470 8370.000000
46.855728 -0.204458 -7.147233 42.029211 8370.000000
46.855536 -0.204192 -7.146783 42.029582 8370.000000
46.855439 -0.204060 -7.146558 42.029768 8370.000000
46.855391 -0.203993 -7.146446 42.029860 8370.000000
46.855367 -0.203960 -7.146390 42.029907 8370.000000
46.855355 -0.203944 -7.146362 42.029930 8370.000000
46.855349 -0.203935 -7.146348 42.029942 8370.000000
47.855349 -0.203935 -7.146348 42.029942 8370.000000
45.855349 -0.203935 -7.146348 42.029942 8310.000000
46.855349 0.796065 -7.146348 42.029942 8280.000000
46.855349 -1.203935 -7.146348 42.029942 8280.000000
46.855349 -0.203935 -6.146348 42.029942 8250.000000
46.855349 -0.203935 -8.146348 42.029942 8280.000000
46.855349 -0.203935 -7.146348 43.029942 8250.000000
46.855349 -0.203935 -7.146348 41.029942 8280.000000
47.644188 -1.290740 -8.987669 40.510695 8310.000000
47.249769 -0.747338 -8.067009 41.270318 8310.000000
47.052559 -0.475636 -7.606678 41.650130 8280.000000
46.953954 -0.339786 -7.376513 41.840036 8280.000000
46.904652 -0.271861 -7.261430 41.934989 8340.000000
46.880000 -0.237898 -7.203889 41.982465 8370.000000
46.867675 -0.220917 -7.175118 42.006203 8370.000000
46.861512 -0.212426 -7.160733 42.018072 8370.000000
46.858431 -0.208181 -7.153540 42.024007 8370.000000
46.856890 -0.206058 -7.149944 42.026974 8370.000000
46.856119 -0.204997 -7.148146 42.028458 8370.000000
46.855734 -0.204466 -7.147247 42.029200 8370.000000
46.855542 -0.204201 -7.146797 42.029571 8370.000000
46.855445 -0.204068 -7.146572 42.029756 8370.000000
46.855397 -0.204002 -7.146460 42.029849 8370.000000
46.855373 -0.203969 -7.146404 42.029895 8370.000000
46.855361 -0.203952 -7.146376 42.029918 8370.000000
46.855355 -0.203944 -7.146362 42.029930 8370.000000
47.855355 -0.203944 -7.146362 42.029930 8370.000000
45.855355 -0.203944 -7.146362 42.029930 8310.000000
46.855355 0.796056 -7.146362 42.029930 8280.000000
46.855355 -1.203944 -7.146362 42.029930 8280.000000
46.855355 -0.203944 -6.146362 42.029930 8250.000000
46.855355 -0.203944 -8.146362 42.029930 8280.000000
46.855355 -0.203944 -7.146362 43.029930 8250.000000
46.855355 -0.203944 -7.146362 41.029930 8280.000000
47.644194 -1.290748 -8.987683 40.510683 8310.000000
47.249775 -0.747346 -8.067023 41.270307 8310.000000
47.052565 -0.475645 -7.606692 41.650118 8280.000000
46.953960 -0.339794 -7.376527 41.840024 8280.000000
46.904658 -0.271869 -7.261444 41.934977 8340.000000
46.880006 -0.237906 -7.203903 41.982454 8370.000000
46.867681 -0.220925 -7.175132 42.006192 8370.000000
46.861518 -0.212434 -7.160747 42.018061 8370.000000
46.858437 -0.208189 -7.153554 42.023995 8370.000000
46.856896 -0.206066 -7.149958 42.026963 8370.000000
46.856126 -0.205005 -7.148160 42.028446 8370.000000
46.855740 -0.204474 -7.147261 42.029188 8370.000000
46.855548 -0.204209 -7.146811 42.029559 8370.000000
46.855451 -0.204076 -7.146586 42.029745 8370.000000
46.855403 -0.204010 -7.146474 42.029837 8370.000000
46.855379 -0.203977 -7.146418 42.029884 8370.000000
46.855367 -0.203960 -7.146390 42.029907 8370.000000
46.855361 -0.203952 -7.146376 42.029918 8370.000000
47.855361 -0.203952 -7.146376 42.029918 8370.000000
45.855361 -0.203952 -7.146376 42.029918 8310.000000
46.855361 0.796048 -7.146376 42.029918 8280.000000
46.855361 -1.203952 -7.146376 42.029918 8280.000000
46.855361 -0.203952 -6.146376 42.029918 8250.000000
46.855361 -0.203952 -8.146376 42.029918 8280.000000
46.855361 -0.203952 -7.146376 43.029918 8250.000000
46.855361 -0.203952 -7.146376 41.029918 8280.000000
47.644200 -1.290756 -8.987698 40.510672 8310.000000
47.249781 -0.747354 -8.067037 41.270295 8310.000000
47.052571 -0.475653 -7.606706 41.650107 8280.000000
46.953966 -0.339803 -7.376541 41.840013 8280.000000
46.904664 -0.271877 -7.261458 41.934965 8340.000000
46.880012 -0.237915 -7.203917 41.982442 8370.000000
46.867687 -0.220933 -7.175146 42.006180 8370.000000
46.861524 -0.212443 -7.160761 42.018049 8370.000000
46.858443 -0.208197 -7.153568 42.023984 8370.000000
46.856902 -0.206075 -7.149972 42.026951 8370.000000
46.856132 -0.205013 -7.148174 42.028435 8370.000000
46.855746 -0.204483 -7.147275 42.029177 8370.000000
46.855554 -0.204217 -7.146825 42.029548 8370.000000
46.855457 -0.204085 -7.146600 42.029733 8370.000000
46.855409 -0.204018 -7.146488 42.029826 8370.000000
46.855385 -0.203985 -7.146432 42.029872 8370.000000
46.855373 -0.203969 -7.146404 42.029895 8370.000000
46.855367 -0.203960 -7.146390 42.029907 8370.000000
47.855367 -0.203960 -7.146390 42.029907 8370.000000
45.855367 -0.203960 -7.146390 42.029907 8310.000000
46.855367 0.796040 -7.146390 42.029907 8280.000000
46.855367 -1.203960 -7.146390 42.029907 8280.000000
46.855367 -0.203960 -6.146390 42.029907 8250.000000
46.855367 -0.203960 -8.146390 42.029907 8280.000000
46.855367 -0.203960 -7.146390 43.029907 8250.000000
46.855367 -0.203960 -7.146390 41.029907 8280.000000
47.644206 -1.290765 -8.987712 40.510660 8310.000000
47.249787 -0.747362 -8.067051 41.270283 8310.000000
47.052577 -0.475661 -7.606720 41.650095 8280.000000
46.953972 -0.339811 -7.376555 41.840001 8280.000000
46.904670 -0.271886 -7.261472 41.934954 8340.000000
46.880018 -0.237923 -7.203931 41.982430 8370.000000
46.867693 -0.220942 -7.175160 42.006169 8370.000000
46.861530 -0.212451 -7.160775 42.018038 8370.000000
46.858449 -0.208206 -7.153582 42.023972 8370.000000
46.856908 -0.206083 -7.149986 42.026940 8370.000000
46.856138 -0.205022 -7.148188 42.028423 8370.000000
46.855752 -0.204491 -7.147289 42.029165 8370.000000
46.855560 -0.204226 -7.146839 42.029536 8370.000000
46.855463 -0.204093 -7.146615 42.029721 8370.000000
46.855415 -0.204027 -7.146502 42.029814 8370.000000
46.855391 -0.203993 -7.146446 42.029860 8370.000000
46.855379 -0.203977 -7.146418 42.029884 8370.000000
46.855373 -0.203969 -7.146404 42.029895 8370.000000
47.855373 -0.203969 -7.146404 42.029895 8370.000000
45.855373 -0.203969 -7.146404 42.029895 8310.000000
46.855373 0.796031 -7.146404 42.029895 8280.000000
46.855373 -1.203969 -7.146404 42.029895 8280.000000
46.855373 -0.203969 -6.146404 42.029895 8250.000000
46.855373 -0.203969 -8.146404 42.029895 8280.000000
46.855373 -0.203969 -7.146404 43.029895 8250.000000
46.855373 -0.203969 -7.146404 41.029895 8280.000000
47.644212 -1.290773 -8.987726 40.510648 8310.000000
47.249793 -0.747371 -8.067065 41.270272 8310.000000
47.052583 -0.475670 -7.606734 41.650084 8280.000000
46.953978 -0.339819 -7.376569 41.839989 8280.000000
46.904676 -0.271894 -7.261486 41.934942 8340.000000
46.880024 -0.237931 -7.203945 41.982419 8370.000000
46.867699 -0.220950 -7.175174 42.006157 8370.000000
46.861536 -0.212459 -7.160789 42.018026 8370.000000
46.858455 -0.208214 -7.153596 42.023961 8370.000000
46.856914 -0.206091 -7.150000 42.026928 8370.000000
46.856144 -0.205030 -7.148202 42.028412 8370.000000
46.855758 -0.204499 -7.147303 42.029153 8370.000000
46.855566 -0.204234 -7.146853 42.029524 8370.000000
46.855469 -0.204101 -7.146629 42.029710 8370.000000
46.855421 -0.204035 -7.146516 42.029803 8370.000000
46.855397 -0.204002 -7.146460 42.029849 8370.000000
46.855385 -0.203985 -7.146432 42.029872 8370.000000
46.855379 -0.203977 -7.146418 42.029884 8370.000000
47.855379 -0.203977 -7.146418 42.029884 8370.000000
45.855379 -0.203977 -7.146418 42.029884 8310.000000
46.855379 0.796023 -7.146418 42.029884 8280.000000
46.855379 -1.203977 -7.146418 42.029884 8280.000000
46.855379 -0.203977 -6.146418 42.029884 8250.000000
46.855379 -0.203977 -8.146418 42.029884 8280.000000
46.855379 -0.203977 -7.146418 43.029884 8250.000000
46.855379 -0.203977 -7.146418 41.029884 8280.000000
47.644218 -1.290781 -8.987740 40.510637 8310.000000
47.249799 -0.747379 -8.067079 41.270260 8310.000000
47.052589 -0.475678 -7.606748 41.650072 8280.000000
46.953984 -0.339827 -7.376583 41.839978 8280.000000
46.904682 -0.271902 -7.261500 41.934931 8340.000000
46.880030 -0.237940 -7.203959 41.982407 8370.000000
46.867705 -0.220958 -7.175189 42.006145 8370.000000
46.861542 -0.212468 -7.160803 42.018015 8370.000000
46.858461 -0.208222 -7.153611 42.023949 8370.000000
46.856920 -0.206100 -7.150014 42.026916 8370.000000
46.856150 -0.205038 -7.148216 42.028400 8370.000000
46.855764 -0.204508 -7.147317 42.029142 8370.000000
46.855572 -0.204242 -7.146867 42.029513 8370.000000
46.855476 -0.204110 -7.146643 42.029698 8370.000000
46.855427 -0.204043 -7.146530 42.029791 8370.000000
46.855403 -0.204010 -7.146474 42.029837 8370.000000
46.855391 -0.203993 -7.146446 42.029860 8370.000000
46.855385 -0.203985 -7.146432 42.029872 8370.000000
47.855385 -0.203985 -7.146432 42.029872 8370.000000
45.855385 -0.203985 -7.146432 42.029872 8310.000000
46.855385 0.796015 -7.146432 42.029872 8280.000000
46.855385 -1.203985 -7.146432 42.029872 8280.000000
46.855385 -0.203985 -6.146432 42.029872 8250.000000
46.855385 -0.203985 -8.146432 42.029872 8280.000000
46.855385 -0.203985 -7.146432 43.029872 8250.000000
46.855385 -0.203985 -7.146432 41.029872 8280.000000
47.644224 -1.290789 -8.987754 40.510625 8310.000000
47.249805 -0.747387 -8.067093 41.270249 8310.000000
47.052595 -0.475686 -7.606762 41.650060 8280.000000
46.953990 -0.339836 -7.376597 41.839966 8280.000000
46.904688 -0.271910 -7.261515 41.934919 8340.000000
46.880036 -0.237948 -7.203973 41.982396 8370.000000
46.867711 -0.220966 -7.175203 42.006134 8370.000000
46.861548 -0.212476 -7.160817 42.018003 8370.000000
46.858467 -0.208231 -7.153625 42.023938 8370.000000
46.856926 -0.206108 -7.150028 42.026905 8370.000000
46.856156 -0.205047 -7.148230 42.028388 8370.000000
46.855770 -0.204516 -7.147331 42.029130 8370.000000
46.855578 -0.204251 -7.146881 42.029501 8370.000000
46.855482 -0.204118 -7.146657 42.029687 8370.000000
46.855433 -0.204052 -7.146544 42.029779 8370.000000
46.855409 -0.204018 -7.146488 42.029826 8370.000000
46.855397 -0.204002 -7.146460 42.029849 8370.000000
46.855391 -0.203993 -7.146446 42.029860 8370.000000
47.855391 -0.203993 -7.146446 42.029860 8370.000000
45.855391 -0.203993 -7.146446 42.029860 8310.000000
46.855391 0.796007 -7.146446 42.029860 8280.000000
46.855391 -1.203993 -7.146446 42.029860 8280.000000
46.855391 -0.203993 -6.146446 42.029860 8250.000000
46.855391 -0.203993 -8.146446 42.029860 8280.000000
46.855391 -0.203993 -7.146446 43.029860 8250.000000
46.855391 -0.203993 -7.146446 41.029860 8280.000000
47.644230 -1.290798 -8.987768 40.510614 8310.000000
47.249811 -0.747396 -8.067107 41.270237 8310.000000
47.052601 -0.475695 -7.606776 41.650049 8280.000000
46.953996 -0.339844 -7.376611 41.839955 8280.000000
46.904694 -0.271919 -7.261529 41.934908 8340.000000
46.880042 -0.237956 -7.203987 41.982384 8370.000000
46.867717 -0.220975 -7.175217 42.006122 8370.000000
46.861554 -0.212484 -7.160831 42.017991 8370.000000
46.858473 -0.208239 -7.153639 42.023926 8370.000000
46.856932 -0.206116 -7.150042 42.026893 8370.000000
46.856162 -0.205055 -7.148244 42.028377 8370.000000
46.855776 -0.204524 -7.147345 42.029119 8370.000000
46.855584 -0.204259 -7.146895 42.029490 8370.000000
46.855488 -0.204126 -7.146671 42.029675 8370.000000
46.855439 -0.204060 -7.146558 42.029768 8370.000000
46.855415 -0.204027 -7.146502 42.029814 8370.000000
46.855403 -0.204010 -7.146474 42.029837 8370.000000
46.855397 -0.204002 -7.146460 42.029849 8370.000000
47.855397 -0.204002 -7.146460 42.029849 8370.000000
45.855397 -0.204002 -7.146460 42.029849 8310.000000
46.855397 0.795998 -7.146460 42.029849 8280.000000
46.855397 -1.204002 -7.146460 42.029849 8280.000000
46.855397 -0.204002 -6.146460 42.029849 8250.000000
46.855397 -0.204002 -8.146460 42.029849 8280.000000
46.855397 -0.204002 -7.146460 43.029849 8250.000000
46.855397 -0.204002 -7.146460 41.029849 8280.000000
47.644236 -1.290806 -8.987782 40.510602 8310.000000
47.249817 -0.747404 -8.067121 41.270225 8310.000000
47.052607 -0.475703 -7.606790 41.650037 8280.000000
46.954002 -0.339852 -7.376625 41.839943 8280.000000
46.904700 -0.271927 -7.261543 41.934896 8340.000000
46.880049 -0.237964 -7.204001 41.982372 8370.000000
46.867723 -0.220983 -7.175231 42.006111 8370.000000
46.861560 -0.212492 -7.160845 42.017980 8370.000000
46.858479 -0.208247 -7.153653 42.023914 8370.000000
46.856938 -0.206124 -7.150056 42.026882 8370.000000
46.856168 -0.205063 -7.148258 42.028365 8370.000000
46.855782 -0.204532 -7.147359 42.029107 8370.000000
46.855590 -0.204267 -7.146910 42.029478 8370.000000
46.855494 -0.204134 -7.146685 42.029663 8370.000000
46.855445 -0.204068 -7.146572 42.029756 8370.000000
46.855421 -0.204035 -7.146516 42.029803 8370.000000
46.855409 -0.204018 -7.146488 42.029826 8370.000000
46.855403 -0.204010 -7.146474 42.029837 8370.000000
47.855403 -0.204010 -7.146474 42.029837 8370.000000
45.855403 -0.204010 -7.146474 42.029837 8310.000000
46.855403 0.795990 -7.146474 42.029837 8280.000000
46.855403 -1.204010 -7.146474 42.029837 8280.000000
46.855403 -0.204010 -6.146474 42.029837 8250.000000
46.855403 -0.204010 -8.146474 42.029837 8280.000000
46.855403 -0.204010 -7.146474 43.029837 8250.000000
46.855403 -0.204010 -7.146474 41.029837 8280.000000
47.644242 -1.290814 -8.987796 40.510590 8310.000000
47.249823 -0.747412 -8.067135 41.270214 8310.000000
47.052613 -0.475711 -7.606805 41.650026 8280.000000
46.954008 -0.339861 -7.376639 41.839931 8280.000000
46.904706 -0.271935 -7.261557 41.934884 8340.000000
46.880055 -0.237973 -7.204015 41.982361 8370.000000
46.867729 -0.220991 -7.175245 42.006099 8370.000000
46.861566 -0.212501 -7.160859 42.017968 8370.000000
46.858485 -0.208255 -7.153667 42.023903 8370.000000
46.856944 -0.206133 -7.150070 42.026870 8370.000000
46.856174 -0.205071 -7.148272 42.028354 8370.000000
46.855788 -0.204541 -7.147373 42.029095 8370.000000
46.855596 -0.204275 -7.146924 42.029466 8370.000000
46.855500 -0.204143 -7.146699 42.029652 8370.000000
46.855451 -0.204076 -7.146586 42.029745 8370.000000
46.855427 -0.204043 -7.146530 42.029791 8370.000000
46.855415 -0.204027 -7.146502 42.029814 8370.000000
46.855409 -0.204018 -7.146488 42.029826 8370.000000
47.855409 -0.204018 -7.146488 42.029826 8370.000000
45.855409 -0.204018 -7.146488 42.029826 8310.000000
46.855409 0.795982 -7.146488 42.029826 8280.000000
46.855409 -1.204018 -7.146488 42.029826 8280.000000
46.855409 -0.204018 -6.146488 42.029826 8250.000000
46.855409 -0.204018 -8.146488 42.029826 8280.000000
46.855409 -0.204018 -7.146488 43.029826 8250.000000
46.855409 -0.204018 -7.146488 41.029826 8280.000000
47.644248 -1.290823 -8.987810 40.510579 8310.000000
47.249829 -0.747420 -8.067149 41.270202 8310.000000
47.052619 -0.475719 -7.606819 41.650014 8280.000000
46.954014 -0.339869 -7.376653 41.839920 8280.000000
46.904712 -0.271944 -7.261571 41.934873 8340.000000
46.880061 -0.237981 -7.204029 41.982349 8370.000000
46.867735 -0.221000 -7.175259 42.006087 8370.000000
46.861572 -0.212509 -7.160873 42.017957 8370.000000
46.858491 -0.208264 -7.153681 42.023891 8370.000000
46.856950 -0.206141 -7.150084 42.026858 8370.000000
46.856180 -0.205080 -7.148286 42.028342 8370.000000
46.855794 -0.204549 -7.147387 42.029084 8370.000000
46.855602 -0.204284 -7.146938 42.029455 8370.000000
46.855506 -0.204151 -7.146713 42.029640 8370.000000
46.855457 -0.204085 -7.146600 42.029733 8370.000000
46.855433 -0.204052 -7.146544 42.029779 8370.000000
46.855421 -0.204035 -7.146516 42.029803 8370.000000
46.855415 -0.204027 -7.146502 42.029814 8370.000000
47.855415 -0.204027 -7.146502 42.029814 8370.000000
45.855415 -0.204027 -7.146502 42.029814 8310.000000
46.855415 0.795973 -7.146502 42.029814 8280.000000
46.855415 -1.204027 -7.146502 42.029814 8280.000000
46.855415 -0.204027 -6.146502 42.029814 8250.000000
46.855415 -0.204027 -8.146502 42.029814 8280.000000
46.855415 -0.204027 -7.146502 43.029814 8250.000000
46.855415 -0.204027 -7.146502 41.029814 8280.000000
47.644254 -1.290831 -8.987824 40.510567 8310.000000
47.249835 -0.747429 -8.067163 41.270191 8310.000000
47.052625 -0.475728 -7.606833 41.650002 8280.000000
46.954020 -0.339877 -7.376667 41.839908 8280.000000
46.904718 -0.271952 -7.261585 41.934861 8340.000000
46.880067 -0.237989 -7.204043 41.982338 8370.000000
46.867741 -0.221008 -7.175273 42.006076 8370.000000
46.861578 -0.212517 -7.160887 42.017945 8370.000000
46.858497 -0.208272 -7.153695 42.023880 8370.000000
46.856956 -0.206149 -7.150098 42.026847 8370.000000
46.856186 -0.205088 -7.148300 42.028330 8370.000000
46.855801 -0.204557 -7.147401 42.029072 8370.000000
46.855608 -0.204292 -7.146952 42.029443 8370.000000
46.855512 -0.204159 -7.146727 42.029629 8370.000000
46.855463 -0.204093 -7.146615 42.029721 8370.000000
46.855439 -0.204060 -7.146558 42.029768 8370.000000
46.855427 -0.204043 -7.146530 42.029791 8370.000000
46.855421 -0.204035 -7.146516 42.029803 8370.000000
47.855421 -0.204035 -7.146516 42.029803 8370.000000
45.855421 -0.204035 -7.146516 42.029803 8310.000000
46.855421 0.795965 -7.146516 42.029803 8280.000000
46.855421 -1.204035 -7.146516 42.029803 8280.000000
46.855421 -0.204035 -6.146516 42.029803 8250.000000
46.855421 -0.204035 -8.146516 42.029803 8280.000000
46.855421 -0.204035 -7.146516 43.029803 8250.000000
46.855421 -0.204035 -7.146516 41.029803 8280.000000
47.644260 -1.290839 -8.987838 40.510556 8310.000000
47.249841 -0.747437 -8.067177 41.270179 8310.000000
47.052631 -0.475736 -7.606847 41.649991 8280.000000
46.954026 -0.339885 -7.376681 41.839897 8280.000000
46.904724 -0.271960 -7.261599 41.934850 8340.000000
46.880073 -0.237998 -7.204057 41.982326 8370.000000
46.867747 -0.221016 -7.175287 42.006064 8370.000000
46.861584 -0.212526 -7.160902 42.017933 8370.000000
46.858503 -0.208280 -7.153709 42.023868 8370.000000
46.856962 -0.206158 -7.150113 42.026835 8370.000000
46.856192 -0.205096 -7.148314 42.028319 8370.000000
46.855807 -0.204566 -7.147415 42.029061 8370.000000
46.855614 -0.204300 -7.146966 42.029432 8370.000000
46.855518 -0.204168 -7.146741 42.029617 8370.000000
46.855469 -0.204101 -7.146629 42.029710 8370.000000
46.855445 -0.204068 -7.146572 42.029756 8370.000000
46.855433 -0.204052 -7.146544 42.029779 8370.000000
46.855427 -0.204043 -7.146530 42.029791 8370.000000
47.855427 -0.204043 -7.146530 42.029791 8370.000000
45.855427 -0.204043 -7.146530 42.029791 8310.000000
46.855427 0.795957 -7.146530 42.029791 8280.000000
46.855427 -1.204043 -7.146530 42.029791 8280.000000
46.855427 -0.204043 -6.146530 42.029791 8250.000000
46.855427 -0.204043 -8.146530 42.029791 8280.000000
46.855427 -0.204043 -7.146530 43.029791 8250.000000
46.855427 -0.204043 -7.146530 41.029791 8280.000000
47.644266 -1.290847 -8.987852 40.510544 8310.000000
47.249847 -0.747445 -8.067191 41.270168 8310.000000
47.052637 -0.475744 -7.606861 41.649979 8280.000000
46.954032 -0.339894 -7.376695 41.839885 8280.000000
46.904730 -0.271968 -7.261613 41.934838 8340.000000
46.880079 -0.238006 -7.204072 41.982314 8370.000000
46.867753 -0.221025 -7.175301 42.006053 8370.000000
46.861590 -0.212534 -7.160916 42.017922 8370.000000
46.858509 -0.208289 -7.153723 42.023856 8370.000000
46.856968 -0.206166 -7.150127 42.026824 8370.000000
46.856198 -0.205105 -7.148328 42.028307 8370.000000
46.855813 -0.204574 -7.147429 42.029049 8370.000000
46.855620 -0.204309 -7.146980 42.029420 8370.000000
46.855524 -0.204176 -7.146755 42.029605 8370.000000
46.855476 -0.204110 -7.146643 42.029698 8370.000000
46.855451 -0.204076 -7.146586 42.029745 8370.000000
46.855439 -0.204060 -7.146558 42.029768 8370.000000
46.855433 -0.204052 -7.146544 42.029779 8370.000000
47.855433 -0.204052 -7.146544 42.029779 8370.000000
45.855433 -0.204052 -7.146544 42.029779 8310.000000
46.855433 0.795948 -7.146544 42.029779 8280.000000
46.855433 -1.204052 -7.146544 42.029779 8280.000000
46.855433 -0.204052 -6.146544 42.029779 8250.000000
46.855433 -0.204052 -8.146544 42.029779 8280.000000
46.855433 -0.204052 -7.146544 43.029779 8250.000000
46.855433 -0.204052 -7.146544 41.029779 8280.000000
47.644273 -1.290856 -8.987866 40.510532 8310.000000
47.249853 -0.747454 -8.067205 41.270156 8310.000000
47.052643 -0.475753 -7.606875 41.649968 8280.000000
46.954038 -0.339902 -7.376710 41.839873 8280.000000
46.904736 -0.271977 -7.261627 41.934826 8340.000000
46.880085 -0.238014 -7.204086 41.982303 8370.000000
46.867759 -0.221033 -7.175315 42.006041 8370.000000
46.861596 -0.212542 -7.160930 42.017910 8370.000000
46.858515 -0.208297 -7.153737 42.023845 8370.000000
46.856974 -0.206174 -7.150141 42.026812 8370.000000
46.856204 -0.205113 -7.148342 42.028296 8370.000000
46.855819 -0.204582 -7.147443 42.029038 8370.000000
46.855626 -0.204317 -7.146994 42.029408 8370.000000
46.855530 -0.204184 -7.146769 42.029594 8370.000000
46.855482 -0.204118 -7.146657 42.029687 8370.000000
46.855457 -0.204085 -7.146600 42.029733 8370.000000
46.855445 -0.204068 -7.146572 42.029756 8370.000000
46.855439 -0.204060 -7.146558 42.029768 8370.000000
47.855439 -0.204060 -7.146558 42.029768 8370.000000
45.855439 -0.204060 -7.146558 42.029768 8310.000000
46.855439 0.795940 -7.146558 42.029768 8280.000000
46.855439 -1.204060 -7.146558 42.029768 8280.000000
46.855439 -0.204060 -6.146558 42.029768 8250.000000
46.855439 -0.204060 -8.146558 42.029768 8280.000000
46.855439 -0.204060 -7.146558 43.029768 8250.000000
46.855439 -0.204060 -7.146558 41.029768 8280.000000
47.644279 -1.290864 -8.987880 40.510521 8310.000000
47.249859 -0.747462 -8.067219 41.270144 8310.000000
47.052649 -0.475761 -7.606889 41.649956 8280.000000
46.954044 -0.339910 -7.376724 41.839862 8280.000000
46.904742 -0.271985 -7.261641 41.934815 8340.000000
46.880091 -0.238022 -7.204100 41.982291 8370.000000
46.867765 -0.221041 -7.175329 42.006030 8370.000000
46.861602 -0.212550 -7.160944 42.017899 8370.000000
46.858521 -0.208305 -7.153751 42.023833 8370.000000
46.856980 -0.206182 -7.150155 42.026800 8370.000000
46.856210 -0.205121 -7.148356 42.028284 8370.000000
46.855825 -0.204590 -7.147457 42.029026 8370.000000
46.855632 -0.204325 -7.147008 42.029397 8370.000000
46.855536 -0.204192 -7.146783 42.029582 8370.000000
46.855488 -0.204126 -7.146671 42.029675 8370.000000
46.855463 -0.204093 -7.146615 42.029721 8370.000000
46.855451 -0.204076 -7.146586 42.029745 8370.000000
46.855445 -0.204068 -7.146572 42.029756 8370.000000
47.855445 -0.204068 -7.146572 42.029756 8370.000000
45.855445 -0.204068 -7.146572 42.029756 8310.000000
46.855445 0.795932 -7.146572 42.029756 8280.000000
46.855445 -1.204068 -7.146572 42.029756 8280.000000
46.855445 -0.204068 -6.146572 42.029756 8250.000000
46.855445 -0.204068 -8.146572 42.029756 8280.000000
46.855445 -0.204068 -7.146572 43.029756 8250.000000
46.855445 -0.204068 -7.146572 41.029756 8280.000000
47.644285 -1.290872 -8.987894 40.510509 8310.000000
47.249865 -0.747470 -8.067233 41.270133 8310.000000
47.052655 -0.475769 -7.606903 41.649944 8280.000000
46.954050 -0.339919 -7.376738 41.839850 8280.000000
46.904748 -0.271993 -7.261655 41.934803 8340.000000
46.880097 -0.238031 -7.204114 41.982280 8370.000000
46.867771 -0.221049 -7.175343 42.006018 8370.000000
46.861608 -0.212559 -7.160958 42.017887 8370.000000
46.858527 -0.208313 -7.153765 42.023822 8370.000000
46.856986 -0.206191 -7.150169 42.026789 8370.000000
46.856216 -0.205129 -7.148371 42.028273 8370.000000
46.855831 -0.204599 -7.147471 42.029014 8370.000000
46.855638 -0.204333 -7.147022 42.029385 8370.000000
46.855542 -0.204201 -7.146797 42.029571 8370.000000
46.855494 -0.204134 -7.146685 42.029663 8370.000000
46.855469 -0.204101 -7.146629 42.029710 8370.000000
46.855457 -0.204085 -7.146600 42.029733 8370.000000
46.855451 -0.204076 -7.146586 42.029745 8370.000000
47.855451 -0.204076 -7.146586 42.029745 8370.000000
45.855451 -0.204076 -7.146586 42.029745 8310.000000
46.855451 0.795924 -7.146586 42.029745 8280.000000
46.855451 -1.204076 -7.146586 42.029745 8280.000000
46.855451 -0.204076 -6.146586 42.029745 8250.000000
46.855451 -0.204076 -8.146586 42.029745 8280.000000
46.855451 -0.204076 -7.146586 43.029745 8250.000000
46.855451 -0.204076 -7.146586 41.029745 8280.000000
47.644291 -1.290881 -8.987908 40.510498 8310.000000
47.249871 -0.747479 -8.067247 41.270121 8310.000000
47.052661 -0.475777 -7.606917 41.649933 8280.000000
46.954056 -0.339927 -7.376752 41.839839 8280.000000
46.904754 -0.272002 -7.261669 41.934792 8340.000000
46.880103 -0.238039 -7.204128 41.982268 8370.000000
46.867777 -0.221058 -7.175357 42.006006 8370.000000
46.861614 -0.212567 -7.160972 42.017875 8370.000000
46.858533 -0.208322 -7.153779 42.023810 8370.000000
46.856992 -0.206199 -7.150183 42.026777 8370.000000
46.856222 -0.205138 -7.148385 42.028261 8370.000000
46.855837 -0.204607 -7.147486 42.029003 8370.000000
46.855644 -0.204342 -7.147036 42.029374 8370.000000
46.855548 -0.204209 -7.146811 42.029559 8370.000000
46.855500 -0.204143 -7.146699 42.029652 8370.000000
46.855476 -0.204110 -7.146643 42.029698 8370.000000
46.855463 -0.204093 -7.146615 42.029721 8370.000000
46.855457 -0.204085 -7.146600 42.029733 8370.000000
47.855457 -0.204085 -7.146600 42.029733 8370.000000
45.855457 -0.204085 -7.146600 42.029733 8310.000000
46.855457 0.795915 -7.146600 42.029733 8280.000000
46.855457 -1.204085 -7.146600 42.029733 8280.000000
46.855457 -0.204085 -6.146600 42.029733 8250.000000
46.855457 -0.204085 -8.146600 42.029733 8280.000000
46.855457 -0.204085 -7.146600 43.029733 8250.000000
46.855457 -0.204085 -7.146600 41.029733 8280.000000
47.644297 -1.290889 -8.987922 40.510486 8310.000000
47.249877 -0.747487 -8.067261 41.270110 8310.000000
47.052667 -0.475786 -7.606931 41.649921 8280.000000
46.954062 -0.339935 -7.376766 41.839827 8280.000000
46.904760 -0.272010 -7.261683 41.934780 8340.000000
46.880109 -0.238047 -7.204142 41.982257 8370.000000
46.867783 -0.221066 -7.175371 42.005995 8370.000000
46.861620 -0.212575 -7.160986 42.017864 8370.000000
46.858539 -0.208330 -7.153793 42.023798 8370.000000
46.856998 -0.206207 -7.150197 42.026766 8370.000000
46.856228 -0.205146 -7.148399 42.028249 8370.000000
46.855843 -0.204615 -7.147500 42.028991 8370.000000
46.855650 -0.204350 -7.147050 42.029362 8370.000000
46.855554 -0.204217 -7.146825 42.029548 8370.000000
46.855506 -0.204151 -7.146713 42.029640 8370.000000
46.855482 -0.204118 -7.146657 42.029687 8370.000000
46.855469 -0.204101 -7.146629 42.029710 8370.000000
46.855463 -0.204093 -7.146615 42.029721 8370.000000
47.855463 -0.204093 -7.146615 42.029721 8370.000000
45.855463 -0.204093 -7.146615 42.029721 8310.000000
46.855463 0.795907 -7.146615 42.029721 8280.000000
46.855463 -1.204093 -7.146615 42.029721 8280.000000
46.855463 -0.204093 -6.146615 42.029721 8250.000000
46.855463 -0.204093 -8.146615 42.029721 8280.000000
46.855463 -0.204093 -7.146615 43.029721 8250.000000
46.855463 -0.204093 -7.146615 41.029721 8280.000000
